# Krill data file created Fri Jan 20 12:43:53 2017 

# DebugOut 
0 
# Terminal_phase 
9 
# styr, endyr 
1976 2036 
20  # nproj_yrs 
# mat_yrs 
33 
# rec_age 
1 
# oldest_age 
6 
# nl_bins: number of length bins 
52 
# l_bins 
9 10 11 12 13 14 15 16 17 18 19 20 21 22 23 24 25 26 27 28 29 30 31 32 33 34 35 36 37 38 39 40 41 42 43 44 45 46 47 48 49 50 51 52 53 54 55 56 57 58 59 60 
# nareas 
1 
# nsrv: number of surveys 
6 
# nsel: number of different selectivities 
6 
 # msrv_id: selectivity identifier for each survey 
1 2 3 4 5 6 
# mo_srv_leg: month of year, with begin.rec month = 1 
3 7 2 11 2 11 
# nyrs_srv_comp 
0 0 22 5 6 2  # entered zeroes by hand 
# yrs_srv_comp (years with composition data) 
1991 1992 1993 1994 1995 1996 1997 1998 1999 2000 2001 2002 2003 2004 2005 2006 2007 2008 2009 2010 2011 2014 
2012 2013 2014 2015 2016 
1981 1982 1984 1985 1986 1989 
1986 1987 

# nsmpl_srv: length composition sample sizes (tows) for each area, leg and year 
2 113 144 123 148 167 108 187 87 75 167 127 165 150 160 84 91 135 86 59 114 30 
23 35 75 53 53 
35 23 54 93 41 59 
3 36 
# wt_len (wt. in grams at length) from Hewitt et al 2004 
0.003249612 0.004607568 0.006318983 0.008430988 0.01099208 0.01405206 0.01766193 0.02187386 0.02674112 0.03231803 0.03865995 0.04582318 0.05386498 0.06284353 0.07281785 0.08384784 0.0959942 0.1093185 0.1238829 0.1397505 0.1569852 0.1756514 0.1958143 0.2175399 0.2408946 0.2659457 0.2927611 0.3214092 0.3519592 0.3844808 0.4190443 0.4557205 0.4945811 0.5356979 0.5791436 0.6249913 0.6733147 0.7241879 0.7776857 0.8338833 0.8928564 0.9546813 1.019435 1.087194 1.158036 1.23204 1.309284 1.389847 1.473809 1.561249 1.652248 1.746888 
# wt_age_m (wt. in grams at age) 
0.1719404 0.4415175 0.6967176 0.9164108 1.179558 1.179558 
# mat_age (maturity at age from mean maturity at length data) 
0.4839348 0.6941147 0.8218355 0.9978252 0.9989568 0.9989568 

 # oc_srv: length densities (length X year) 
# Area  1 biological month  2 gear  IKMT 
0 0 0 0 0 0 0 0 0 0 0 0 0 0 0 0 0 0.01333303 0.01333303 0.006666517 0.02666607 0.01999955 0.01333303 0.01333303 0 0.006666517 0 0 0 0 0.006666517 0.02666607 0.03333259 0.02666607 0.1199973 0.09999776 0.1266638 0.04666562 0.1066643 0.1033422 0.05333214 0.04334358 0.04666562 0.03333259 0.006666517 0.006666517 0 0 0 0 0 0 
0 0 0 0 0 0 0 0 0 0.005414719 0.003852578 0.007270517 0.009268811 0.03240643 0.03013898 0.02497751 0.04197567 0.04333636 0.04795655 0.04352052 0.02670116 0.0230188 0.03063355 0.02422594 0.01405583 0.0170586 0.02302012 0.01813367 0.0332322 0.02661098 0.03085607 0.03765888 0.03785351 0.056347 0.04590796 0.04353951 0.04630038 0.03905718 0.04230508 0.02282171 0.0174919 0.0200563 0.01381553 0.008550088 0.00513592 0.002641497 0.001439211 0.0008690667 0.0003034134 0.0002402789 0 0 
0 0 0 0 0 0 0 0 0 0 0 0 2.672153e-05 3.373931e-05 0 0.0001879317 0.0002594015 0.0001461029 0.0007559998 0.0007352367 0.003594914 0.004860152 0.008527315 0.01614122 0.02072088 0.0280894 0.03678456 0.04266887 0.05753925 0.06445141 0.07496998 0.07859406 0.07508455 0.07313592 0.05956446 0.05730686 0.05468978 0.06038727 0.04873146 0.03990616 0.03312476 0.02403678 0.01624631 0.01089813 0.002707714 0.003199609 0.001768177 0.00012489 0 0 0 0 
0 0 0 0 0 0 0 9.081827e-05 9.081827e-05 9.081827e-05 9.081827e-05 9.081827e-05 0.000511669 0.001508695 0.001082771 0.002559174 0.001164146 0.00662824 0.005967779 0.004364376 0.004379579 0.003631389 0.001948618 0.001484734 0.000752739 0.001215715 0.002678143 0.00378807 0.00655094 0.01238253 0.01261126 0.01824652 0.02254178 0.03856299 0.03903076 0.05538021 0.09380946 0.08461063 0.09335611 0.1086209 0.0978561 0.0896285 0.0760351 0.05394251 0.02056886 0.02312746 0.005957159 0.002453893 0.0004232406 0.0001831014 0 0 
0 0 0 0 0 0 0 0 0 0 0 0 0.0008050862 0.001017246 0.0005405102 0.0005414184 0.0008689558 0.003755163 0.004110741 0.01629299 0.006482545 0.004338576 0.007624348 0.002281878 0.002778809 0.007380341 0.007895478 0.01235894 0.02350248 0.01366635 0.02648844 0.0243694 0.02226103 0.04224987 0.03906498 0.04578083 0.06655864 0.08139182 0.08401853 0.09356376 0.08105775 0.07407092 0.06737742 0.05550863 0.03714676 0.02194431 0.01024877 0.005213173 0.003249595 0.001736787 0.0004567485 0 
0 0 0 0 0 0 0 0 2.599618e-05 0.0003074139 0.002272748 0.004444632 0.01081116 0.01518496 0.01734397 0.02337711 0.04089848 0.04605388 0.05306208 0.05365075 0.05176943 0.04780698 0.04349094 0.02443476 0.02058971 0.005690248 0.006692651 0.00440973 0.003498568 0.006272786 0.005966677 0.003533979 0.005996207 0.01120765 0.01263323 0.02557549 0.03312356 0.02909679 0.04770996 0.06579755 0.05280812 0.06143461 0.05088205 0.05251015 0.03806053 0.01684951 0.003008499 0.001335961 0.0002621491 0 0.0001183418 0 
0 0 0 0 0 0 0.0001343635 0.000467018 0.0008160122 0.001744782 0.00438894 0.004870783 0.00755565 0.01389314 0.01531967 0.01592769 0.01994298 0.02495954 0.0245949 0.02275293 0.01442553 0.01861471 0.02725448 0.03755883 0.03584614 0.05481037 0.04537373 0.04527265 0.05030244 0.04837565 0.04261616 0.02782416 0.02378216 0.03075108 0.01578345 0.01856674 0.01799935 0.02032691 0.02869099 0.03214873 0.03930128 0.04400208 0.03348096 0.0365141 0.0225245 0.01675323 0.008196306 0.003105056 0.002212177 0.0002176366 0 0 
0 0 0 0 0 0 0.0001318443 0.0002333192 0.0008998876 0.0007474748 0.002005335 0.004064542 0.006796565 0.01026306 0.01253501 0.01473092 0.01692372 0.01422005 0.01326234 0.006371891 0.006804503 0.005642428 0.008247961 0.01362373 0.01447687 0.02114184 0.03203821 0.03588744 0.04717825 0.04869981 0.05716022 0.04932376 0.05880686 0.07032229 0.07117275 0.07281726 0.08427173 0.07713117 0.05402354 0.04633532 0.01372325 0.00268028 0.002734407 0.002029993 0.0005265221 1.364108e-05 0 0 0 0 0 0 
0 0 0 0 0 0 0 0 0 0 0 0 0 0 0 0 0 0.0002542165 0 0 0.000250479 0.0004002743 0.0004725532 0.001145095 0.00163474 0.003753225 0.003915091 0.008854696 0.01348665 0.01251685 0.02028641 0.01792114 0.03169545 0.04779159 0.04738873 0.09502774 0.08495737 0.08071408 0.106626 0.1012046 0.09517488 0.07936549 0.03691871 0.05752604 0.02746224 0.0112488 0.006135059 0.005649687 0.0001110371 0.0001110371 0 0 
0 0 0 0 0 0 0 0 0 0 0 0 0 0 0 0 0 0 0 0 0 0.0001952362 0.0003132362 0 0 0.0005084724 0 0 0 0 0.0005084724 0.002487043 0.001179151 0.002778131 0.006440139 0.01275254 0.02427129 0.04280537 0.08918809 0.1247274 0.1595373 0.1609858 0.1168553 0.1114021 0.04864007 0.04711674 0.02773941 0.008180768 0.005605756 0.003210293 0.002571955 0 
0 0 0 0 0 0 0 0 0 0.0001526512 0.0005477484 0.001390995 0.003694475 0.008194776 0.005332196 0.01203373 0.01149894 0.02117961 0.02398459 0.01537597 0.01658506 0.0133516 0.01227613 0.02315429 0.0111721 0.01287127 0.01883532 0.007748139 0.01590075 0.005163281 0.007719688 0.006856695 0.0172887 0.02723135 0.0186365 0.04156923 0.05508495 0.03269597 0.07501366 0.08047366 0.08468722 0.09514005 0.06244014 0.0572643 0.03643825 0.0287011 0.01308397 0.008618035 0.004720583 0.005223428 0.0003591793 0.0003097271 
0 0 0 0 0 0 0 1.377885e-05 4.371221e-05 0.0003005617 0.0007857637 0.01905861 0.0279629 0.04258854 0.05595956 0.08344143 0.07087443 0.081692 0.09954634 0.06204851 0.06207723 0.05255194 0.05540854 0.04426498 0.03519499 0.02537244 0.04021173 0.01789663 0.01464014 0.01251261 0.01496383 0.01613935 0.01248483 0.00540938 0.00500464 0.005774969 0.006295168 0.00729247 0.003640899 0.001806072 0.001579126 0.001727035 0.001596104 0.004532069 0.002114012 0.001064037 0.00158736 0.0009770319 0.00100522 0.0003386841 0.0001667301 5.359972e-05 
0 0 0 0 0.0001623087 0.000314992 0.0006924547 0.003834669 0.001109077 0.005735594 0.005990532 0.007663884 0.01097722 0.01356034 0.02048979 0.02846796 0.0353066 0.05476379 0.0436741 0.04375351 0.04580257 0.07175342 0.04734467 0.06495011 0.04871207 0.05355334 0.03751894 0.04447984 0.03704567 0.04951062 0.02670791 0.03146735 0.02326153 0.01501202 0.01627143 0.0184091 0.02489618 0.008671455 0.0139265 0.01253641 0.008482154 0.01419024 0.002727024 0.001268962 0.001253866 0.003749775 0 0 0 0 0 0 
0 0 0 0 0 0 0 0 0 3.493084e-05 0.0001047925 0.0002705428 7.04745e-05 6.986167e-05 3.493084e-05 0.0003054736 0.0003109687 8.164068e-05 0.002724981 0.00159 0.008461098 0.006853522 0.01998604 0.03766427 0.07130761 0.06744885 0.06901321 0.04816279 0.06272141 0.05306433 0.04714131 0.04579312 0.04309445 0.05208015 0.059777 0.0475254 0.0470047 0.032673 0.03484846 0.0320812 0.02742559 0.02942362 0.01630238 0.01482833 0.01019746 0.004513306 0.002633715 0.001652903 0.0004313424 0.0001488054 0 0.0001420415 
0 0 0 0 0 0 0 0 0 0 7.171543e-05 0.0004208873 0.0001434309 0.0002151463 0.0004926027 0.0006523648 0.001027518 0.001366098 0.004950368 0.003318226 0.004288038 0.00447834 0.004410983 0.01100179 0.004225071 0.006212792 0.005721838 0.005560493 0.008947936 0.01187635 0.01150596 0.01992382 0.03452225 0.05529103 0.06376596 0.08518935 0.1237353 0.0740465 0.120318 0.1153539 0.06487001 0.05549402 0.03978583 0.02670449 0.01529316 0.007306929 0.004431026 0.002035067 0.0008303592 0.0001434309 7.171543e-05 0 
0 0 0 0 0 0 0 0 0 0 0 0 0 0 0.001868003 0 0.0001754386 0.0003508772 0.0038632 0.007558688 0.00738325 0.01621972 0.00916249 0.02499147 0.01881202 0.01072306 0.01263586 0.0112893 0.01498505 0.02064439 0.01269849 0.016431 0.01884009 0.03051468 0.02377882 0.02259457 0.03170058 0.0417562 0.0630916 0.06940736 0.06582015 0.09320842 0.0637673 0.08787326 0.07332976 0.04522589 0.03683508 0.02151002 0.01313127 0.005122524 0.002167063 0.0005330634 
0 0 0 0 0 0 0 4.310531e-05 0.0004144709 0.0007043407 0.00221913 0.008509529 0.0236726 0.02869465 0.05296639 0.0614512 0.07191669 0.08183478 0.08751283 0.07085665 0.05216227 0.03963525 0.03783904 0.03583409 0.01510911 0.0137877 0.007331448 0.009379866 0.005336914 0.01149151 0.01006442 0.010735 0.01375398 0.02005946 0.01682749 0.01825115 0.02062994 0.02268677 0.0225628 0.02264096 0.01762229 0.02347714 0.01607973 0.01667595 0.0118841 0.00686639 0.005874334 0.002202775 0.001919685 0.0003958711 4.310531e-05 4.310531e-05 
0 0 0 0 0 0 2.114656e-05 3.489832e-05 0 0.0002127724 0.0006757063 0.0009136627 0.006571363 0.01004522 0.01562035 0.02419251 0.03503132 0.04857105 0.07190577 0.06006634 0.04848012 0.04150127 0.03642508 0.03820342 0.01844766 0.01915362 0.0211545 0.02852777 0.02916551 0.05194322 0.04174377 0.05028926 0.03659245 0.03744828 0.03979507 0.04232246 0.02722465 0.02538237 0.01914108 0.01974425 0.01155395 0.01563243 0.00846708 0.009131588 0.004528628 0.001480949 0.001415934 0.0006128736 0.0006148897 1.375175e-05 0 0 
0 0 0 0.0001807664 0.0004173578 0.001856443 0 0.006881605 0.003319122 0.002061419 0.004912561 0.005809428 0.01197651 0.01178031 0.006331272 0.006139154 0.00510429 0.0007796145 0.002702581 0.002356269 0.008998337 0.009947449 0.02539835 0.03595784 0.04439382 0.06458374 0.02879827 0.033942 0.03557776 0.0308208 0.03268222 0.0274265 0.03338495 0.04629273 0.048699 0.05071309 0.04512163 0.03808919 0.04124108 0.05589865 0.04947584 0.04716337 0.03874005 0.02479957 0.01045635 0.007541976 0.006602357 0.004178193 0.0003710469 9.514024e-05 0 0 
0 0 0 0 0 0 0 0 0.0003188098 7.935741e-05 0 0.0003594743 0.0005415827 0.0004159634 0.002683399 0.001221927 0.0004698715 0.001988275 0.009956754 0.01348578 0.02737763 0.04777604 0.03929565 0.05770006 0.0759224 0.05141262 0.03476748 0.04803903 0.03439189 0.04576312 0.03152033 0.04009486 0.05528257 0.03509435 0.04184351 0.05247309 0.03943354 0.04576592 0.03810093 0.03987875 0.01602869 0.02615485 0.02190111 0.008365989 0.006589911 0.003140188 0.00273944 0.0008873025 0.0003638733 0.0002781637 4.775612e-05 4.775612e-05 
0 0 0 0 0 0.0001265161 0 0 0.0008826406 0.00184557 0.001910407 0.001239685 0.00456016 0.006370075 0.02578141 0.02494519 0.0377049 0.04208797 0.05278051 0.06575878 0.05430245 0.06628863 0.04827029 0.03897393 0.03300807 0.03512772 0.02488176 0.02825613 0.02738719 0.01861343 0.03001535 0.01397149 0.01677986 0.01373106 0.01799794 0.01822663 0.02356875 0.028038 0.03501418 0.03848398 0.03051055 0.02272044 0.01976883 0.01688783 0.01249771 0.007524281 0.004800784 0.004257433 0.002129863 0.001021022 0.0007091245 0.0002414708 
0 0 0 0 0 0 0.001756163 0 0 0 0.0006924094 0.00260775 0.003106446 0.001191708 0.002102367 0.002601666 0.006647138 0.004831987 0.005906148 0.01494905 0.003291202 0.01351784 0.005054706 0.009486344 0.008598353 0.01552349 0.01333103 0.03553616 0.0460938 0.06884369 0.05608385 0.0792063 0.08690451 0.09762475 0.06278549 0.06149626 0.08346444 0.04234986 0.04511378 0.01989282 0.02609808 0.02306772 0.00957177 0.01295271 0.009044959 0.009575825 0.004374031 0.001256488 0.002082473 0.0003455343 0.0008657511 0.0001731502 
# Area  1 biological month  11 gear  IKMT 
0 0 0 0 8.897437e-05 0.004905895 0.0001206458 4.164758e-05 0.007465071 0.0308633 0.06491721 0.09368957 0.1271171 0.156398 0.1376716 0.08540918 0.04716266 0.01918968 0.02370526 0.01949888 0.03223488 0.01348016 0.009899444 0.005277551 0.002644412 0.02474407 0.02015096 0.01009007 0.01001747 0.007477597 0.007964229 0.0119684 0.005227557 0.004253036 0.005753676 0.001914166 0.002573056 0.001562209 0.00210679 0.0004398693 0.001434311 0.0002549852 0.0001432365 0 0.0001432365 0 0 0 0 0 0 0 
0 0 0 0 0 1.066511e-05 1.066511e-05 1.001874e-05 0 0 0 7.74483e-05 0.001733898 7.561014e-05 0.003307588 0.007039183 0.007546385 0.01103519 0.01617954 0.0375406 0.06190813 0.06037617 0.08190247 0.157639 0.128144 0.09200377 0.06589138 0.05145456 0.0356281 0.03786415 0.03438456 0.02325024 0.01371452 0.01270167 0.01125846 0.01365156 0.007373836 0.006526514 0.00641537 0.00489033 0.001360748 0.003814096 0.00139354 3.036929e-05 0 0 0 0.0002524556 0 0.001603185 0 0 
1.357592e-05 0 4.99516e-05 0.0002333406 0.0006006473 0.001899587 0.004094842 0.01103797 0.01202485 0.01177525 0.001988855 0.003447838 0.003269087 0.006218093 0.006391013 0.01229794 0.01072435 0.01441098 0.005227902 0.01240015 0.01301479 0.01498821 0.02091034 0.02898428 0.04475315 0.03673602 0.07196288 0.06417761 0.07149155 0.07444915 0.07961182 0.06015716 0.06933181 0.05598452 0.06092567 0.0269498 0.05148222 0.01772884 0.003901863 0.003821571 0.004230831 0.001332977 0.003634037 0.001332703 0 0 0 0 0 0 0 0 
0 0 0 0 0 0 0 0 0 0.0005759503 0.002416572 8.41491e-05 0.0009970572 0.002655977 0.009153787 0.02929931 0.05089408 0.06728446 0.08131807 0.07307251 0.0764279 0.09518662 0.07202836 0.07167842 0.06112142 0.06779657 0.05627896 0.04053312 0.02631099 0.02078806 0.02541055 0.01775022 0.01550952 0.01196382 0.005471057 0.006264369 0.005907965 0.002821198 0.0008904037 0.001430559 0.0002569454 2.426242e-05 0.0003967763 0 0 0 0 0 0 0 0 0 
0 0 0 0 0 0 0 4.021755e-05 0 0 0.0002003167 0.0002665217 0.001222857 0.001944811 0.002579225 0.00453472 0.007074175 0.01253148 0.01522125 0.01227638 0.02018355 0.0214386 0.03091924 0.04059897 0.04149585 0.0393561 0.04384071 0.04934503 0.04695838 0.04304376 0.04185385 0.04041001 0.04198407 0.05298215 0.04775756 0.05220236 0.05577646 0.0493631 0.04376733 0.03842785 0.02943841 0.02525835 0.0215808 0.01108022 0.005402608 0.002531496 0.002574507 0.002276567 9.108637e-05 0 0 0.0001690543 
# Area  1 biological month  2 gear  RMT8 
0 2.720052e-05 3.626736e-05 0.0002386671 0.0003626736 0.001002932 0.001841285 0.001885041 0.003481112 0.002670599 0.002249074 0.00174632 0.001293771 0.0009385222 0.0008820381 0.0006145776 0.002684434 0.001764665 0.001485585 0.003878797 0.01012326 0.01448925 0.02104822 0.03354036 0.05471356 0.07962465 0.08590691 0.09517475 0.08935945 0.0836985 0.06685173 0.05390801 0.04303795 0.03405089 0.01729574 0.01361295 0.0164342 0.01659949 0.0180042 0.01170116 0.0175777 0.01690895 0.01444793 0.02229702 0.01081195 0.01109461 0.007333269 0.005077064 0.004509288 0.001647641 3.581368e-05 0 
0 0 0 0 0 0.006595405 0.01258008 0.02660973 0.0337921 0.03495718 0.0335147 0.03064075 0.04234185 0.03969433 0.04318091 0.03707003 0.05038133 0.03763082 0.03767066 0.03323414 0.04169457 0.02229149 0.02028726 0.01504831 0.01870369 0.01270147 0.01724523 0.01787362 0.01706116 0.01463847 0.01710339 0.01061004 0.01090657 0.009077839 0.0113961 0.01676742 0.01745248 0.0197094 0.01658436 0.01937723 0.01587229 0.02644212 0.03200438 0.02061082 0.02109428 0.0196343 0.01209764 0.004513129 0.0004874538 0.0007406206 7.887427e-05 0 
0 1.407975e-05 0.0002322146 0.0002035928 0.0002280495 0.0007963926 0.001096417 0.001011843 0.0008182982 0.00069805 0.001610599 0.003581254 0.002800114 0.005301994 0.008909988 0.01752503 0.02728641 0.04439059 0.07096201 0.1092959 0.2416261 0.1070803 0.1017982 0.07414452 0.05763517 0.04112023 0.02023291 0.01891063 0.013117 0.005203756 0.007407987 0.002453293 0.00463418 0.001577864 0.002418153 0.001329878 0.0007186416 5.33247e-05 0.001034671 0.0006690638 4.71652e-05 0 5.797546e-06 0 1.839083e-05 0 0 0 0 0 0 0 
0 0 0 0 0 0 0 0 0 0 0 0 0 0 0 7.752121e-05 0.00146137 0.000321858 0.0002364038 0.0005197315 0.005454468 0.002078101 0.002935122 0.002901589 0.004501035 0.01093725 0.01245191 0.0296783 0.03413671 0.03569963 0.06110251 0.06562865 0.07386824 0.0717836 0.09495907 0.1061238 0.08469732 0.07554991 0.05751434 0.04567704 0.04699857 0.028562 0.0178497 0.007832216 0.009201499 0.006084345 0.0009184305 0.001886279 0.0003314518 4.00248e-05 0 0 
0 0 0 0 0 0 0 0 0.0002997079 0.001198831 0.002097955 0.002397663 0.0003942759 0.002240509 0.000601695 0.001601487 0.002230315 0.002874671 0.01113955 0.01328638 0.0436967 0.02027202 0.0212376 0.01800636 0.02689308 0.03955871 0.04775359 0.04572048 0.06112109 0.05352817 0.08716237 0.06268401 0.07084585 0.07748582 0.0581037 0.06496085 0.03850724 0.04371767 0.01984382 0.01486517 0.01252769 0.009093229 0.006401516 0.005104918 0.005908959 0.003107008 0.000751895 0.000592301 0 0.0001851542 0 0 
0 0 0.0001063718 0.0007734157 0.00174753 0.002828334 0.003789019 0.003129482 0.003120558 0.004941979 0.01307162 0.02504612 0.027791 0.02901379 0.02810973 0.04016644 0.04634064 0.03523107 0.04319036 0.05425152 0.1311148 0.06655062 0.05410311 0.04458742 0.0445244 0.04261525 0.02840964 0.01961701 0.01483132 0.009588765 0.009929185 0.004805626 0.005291609 0.007967662 0.005463619 0.00692226 0.006829455 0.008566397 0.00882109 0.01087291 0.01286597 0.01308927 0.01625532 0.01392906 0.0153521 0.01962658 0.009938191 0.004838265 4.414837e-05 0 0 0 
# Area  1 biological month  11 gear  RMT8 
0 0 0 0 0 0 0 0 0 0 0 0 0 0 0 0.0008351177 0.0008351177 0.0008351177 0.001364001 0 0.005539589 0.0008351177 0.003034236 0.001670235 0 0.004704472 0.006903591 0.01402983 0.01455871 0.02001472 0.03685614 0.03571478 0.0534258 0.0579211 0.05927758 0.09676406 0.07958945 0.07232258 0.07293348 0.07678028 0.07427492 0.05062258 0.04810971 0.0366078 0.0236373 0.02438287 0.0133948 0.005747196 0.003555599 0.00292213 0 0 
0 0 0.003383459 0.001879699 0.002255639 0.003759398 0.003759398 0.006390977 0.009398496 0.009774436 0.01015038 0.01165414 0.009784142 0.008675734 0.01321318 0.01322436 0.01990914 0.02422188 0.03019143 0.02877434 0.06279971 0.03375945 0.03706136 0.0374565 0.03804565 0.05045432 0.05038157 0.03803607 0.04523431 0.04292277 0.0388045 0.03754607 0.04334745 0.04279791 0.03367393 0.03762854 0.03202729 0.02401674 0.01762531 0.009324071 0.01382786 0.009534817 0.003980419 0.001889098 0.00235722 0.002452513 0.001267351 0.0005060729 0.0004649782 0 0 0.0003759398 

 # maturities (length X year) from logistic fit to field observations 
0 0 0 0 0 0 0 0 0 0 0 0 0 0 0 0 0 0 0 0 0 0 0 0 0 0 0 0 0 0 0 0 0 
0 0 0 0 0 0 0 0 0 0 0 0 0 0 0 0 0 0 0 0 0 0 0 0 0 0 0 0 0 0 0 0 0 
0 0 0 0 0 0 0 0 0 0 0 0 0 0 0 0 0 0 0 0 0 0 0 0 0 0 0 0 0 0 0 0 0 
0 0 0 0 0 0 0 0 0 0 0 0 0 0 0 0 0 0 0 0 0 0 0 0 0 0 0 0 0 0 0 0 0 
0 0 0 0 0 0 0 0 0 0 0 0 0 0 0 0 0 0 0 0 0 0 0 0 0 0 0 0 0 0 0 0 0 
0 0 0 0 0 0 0 0 0 0 0 0 0 0 0 0 0 0 0 0 0 0 0 0 0 0 0 0 0 0 0 0 0 
0 0 0 0 0 0 0 0 0 0 0 0 0 0 0 0 0 0 0 0 0 0 0 0 0 0 0 0 0 0 0 0 0 
0 0 0 0 0 0 0 0 0 0 0 0 0 0 0 0 0 0 0 0 0 0 0 0 0 0 0 0 0 0 0 0 0 
0 0 0 0 0 0 0 0 0 0 0 0 0 0 0 0 0 0 0 0 0 0 0 0 0 0 0 0 0 0 0 0 0 
0 0 0 0 0 0 0 0 0 0 0 0 0 0 0 0 0 0 0 0 0 0 0 0 0 0 0 0 0 0 0 0 0 
0 0 0 0 0 0 0 0 0 0 0 0 0 0 0 0 0 0 0 0 0 0 0 0 0 0 0 0 0 0 0 0 0 
0 0 0 0 0 0 0 0 0 0 0 0 0 0 0 0 0 0 0 0 0 0 0 0 0 0 0 0 0 0 0 0 0 
0 0 0 0 0 0 0 0 0 0 0 0 0 0 0 0 0 0 0 0 0 0 0 0 0 0 0 0 0 0 0 0 0 
0.0513 0.0408 0.2156 0.0028 0.0035 2e-04 9e-04 0.0011 0.0066 0.0061 0 7e-04 0.0133 0.0104 0.0018 8e-04 0 0.0036 0.0028 0.012 0.0074 0.0015 0.0488 0.0022 4e-04 0.0018 0.0033 0.0175 0.1967 0.2378 0.4033 0.3563 0.185 
0.0702 0.0752 0.3298 0.0057 0.0093 7e-04 0.0059 0.002 0.0106 0.0108 1e-04 0.0013 0.0204 0.0167 0.0036 0.0018 0 0.0061 0.005 0.0216 0.0138 0.003 0.0733 0.0043 9e-04 0.0038 0.005 0.0243 0.258 0.3552 0.484 0.4734 0.2609 
0.0952 0.1343 0.4684 0.0117 0.0249 0.0021 0.0369 0.0038 0.0171 0.0191 2e-04 0.0025 0.031 0.0267 0.0072 0.0038 0 0.0103 0.0087 0.0387 0.0255 0.0063 0.1087 0.0082 0.0021 0.008 0.0076 0.0338 0.3306 0.4931 0.5655 0.5934 0.3543 
0.1281 0.2285 0.612 0.0239 0.0649 0.0064 0.1976 0.007 0.0274 0.0334 5e-04 0.0047 0.047 0.0424 0.0145 0.0079 0 0.0173 0.0153 0.0684 0.0468 0.0129 0.1583 0.0156 0.0047 0.0167 0.0115 0.0468 0.4122 0.632 0.6436 0.7033 0.4603 
0.17 0.3612 0.7384 0.0479 0.1585 0.0196 0.6127 0.0129 0.0435 0.058 0.0014 0.0088 0.0706 0.0666 0.0289 0.0165 0 0.0289 0.0265 0.1179 0.0843 0.0263 0.2248 0.0296 0.0106 0.0344 0.0174 0.0644 0.4989 0.752 0.7147 0.7938 0.5701 
0.2223 0.5191 0.8348 0.0939 0.3384 0.0586 0.9104 0.0238 0.0686 0.0986 0.0038 0.0165 0.1047 0.1032 0.0569 0.0342 0 0.0478 0.0457 0.1959 0.1471 0.0528 0.309 0.0554 0.0235 0.0696 0.0263 0.0881 0.5857 0.8426 0.7766 0.8621 0.6734 
0.2851 0.6732 0.9005 0.1757 0.5813 0.1623 0.9849 0.0434 0.1064 0.1629 0.01 0.0306 0.1527 0.1566 0.109 0.0695 0 0.0782 0.0776 0.3074 0.2444 0.1035 0.408 0.1014 0.0515 0.1359 0.0395 0.1193 0.6674 0.9043 0.8283 0.9103 0.7622 
0.3574 0.7973 0.9418 0.305 0.7903 0.3763 0.9976 0.078 0.1615 0.2571 0.0259 0.0563 0.2172 0.2304 0.1986 0.1362 0 0.1255 0.1289 0.4471 0.3774 0.1928 0.5152 0.1783 0.1089 0.2485 0.0591 0.1597 0.7402 0.9435 0.87 0.9428 0.8329 
0.437 0.8825 0.9666 0.4746 0.911 0.6525 0.9996 0.1361 0.2375 0.381 0.0658 0.1011 0.2994 0.3257 0.3343 0.2497 0 0.1952 0.2063 0.5957 0.5319 0.3307 0.621 0.2944 0.2158 0.41 0.0873 0.2105 0.8018 0.9672 0.9028 0.964 0.8857 
0.5198 0.9348 0.9811 0.6503 0.9653 0.8539 0.9999 0.227 0.3351 0.5226 0.1572 0.175 0.3969 0.4379 0.5043 0.4125 0 0.2908 0.3136 0.7286 0.6805 0.5055 0.7164 0.4452 0.3826 0.5936 0.1273 0.2722 0.8517 0.9811 0.928 0.9775 0.9233 
0.6017 0.9647 0.9893 0.7929 0.9869 0.9479 1 0.3536 0.4491 0.6607 0.3306 0.2857 0.5034 0.5568 0.6733 0.597 0.0228 0.4093 0.4454 0.8302 0.7997 0.679 0.7957 0.6068 0.5826 0.7543 0.1819 0.3442 0.8908 0.9892 0.947 0.986 0.9493 
0.6782 0.9812 0.994 0.8874 0.9951 0.9826 1 0.5048 0.5687 0.776 0.5666 0.43 0.6095 0.6696 0.8068 0.7576 0.9863 0.5395 0.5853 0.8991 0.8822 0.814 0.8573 0.7479 0.7587 0.8658 0.2532 0.424 0.9205 0.9939 0.9612 0.9913 0.9668 
0.7462 0.9901 0.9967 0.9419 0.9982 0.9944 1 0.6551 0.6808 0.8603 0.7758 0.5872 0.7062 0.7658 0.8943 0.8683 1 0.6644 0.7127 0.942 0.9335 0.9005 0.9025 0.8509 0.8762 0.9313 0.3407 0.508 0.9427 0.9965 0.9718 0.9947 0.9784 
0.804 0.9948 0.9981 0.9709 0.9993 0.9982 1 0.7796 0.7753 0.9164 0.9016 0.7285 0.7873 0.8406 0.9449 0.933 1 0.7699 0.8135 0.9673 0.9634 0.9493 0.9345 0.9165 0.941 0.9661 0.4406 0.5916 0.9589 0.998 0.9795 0.9967 0.986 
0.8512 0.9973 0.999 0.9857 0.9998 0.9994 1 0.8683 0.848 0.9512 0.9604 0.835 0.8508 0.8948 0.972 0.9671 1 0.8498 0.8846 0.9818 0.9801 0.9748 0.9565 0.9547 0.9729 0.9836 0.5456 0.6702 0.9707 0.9989 0.9851 0.998 0.9909 
0.8887 0.9986 0.9994 0.993 0.9999 0.9998 1 0.9247 0.9003 0.972 0.9847 0.9051 0.8978 0.9321 0.986 0.9841 1 0.9053 0.9309 0.9899 0.9893 0.9877 0.9714 0.9759 0.9878 0.9921 0.6467 0.7403 0.9792 0.9994 0.9892 0.9987 0.9942 
0.9176 0.9992 0.9997 0.9966 1 0.9999 1 0.9581 0.9359 0.984 0.9941 0.9474 0.9311 0.9568 0.993 0.9924 1 0.9417 0.9595 0.9944 0.9943 0.994 0.9812 0.9873 0.9945 0.9962 0.7362 0.8 0.9853 0.9996 0.9922 0.9992 0.9962 
0.9395 0.9996 0.9998 0.9983 1 1 1 0.9771 0.9594 0.991 0.9978 0.9714 0.9542 0.9727 0.9965 0.9964 1 0.9647 0.9765 0.9969 0.9969 0.9971 0.9878 0.9934 0.9976 0.9982 0.8097 0.8487 0.9896 0.9998 0.9944 0.9995 0.9976 
0.9559 0.9998 0.9999 0.9992 1 1 1 0.9876 0.9745 0.9949 0.9992 0.9846 0.9698 0.9829 0.9983 0.9983 1 0.9788 0.9865 0.9983 0.9984 0.9986 0.992 0.9965 0.9989 0.9991 0.8664 0.8873 0.9926 0.9999 0.9959 0.9997 0.9984 
0.968 0.9999 0.9999 0.9996 1 1 1 0.9933 0.9841 0.9971 0.9997 0.9918 0.9802 0.9893 0.9992 0.9992 1 0.9874 0.9923 0.9991 0.9991 0.9993 0.9948 0.9982 0.9995 0.9996 0.9081 0.917 0.9948 0.9999 0.9971 0.9998 0.999 
0.9768 0.9999 1 0.9998 1 1 1 0.9964 0.9901 0.9984 0.9999 0.9956 0.987 0.9934 0.9996 0.9996 1 0.9925 0.9956 0.9995 0.9995 0.9997 0.9966 0.9991 0.9998 0.9998 0.9378 0.9394 0.9963 1 0.9979 0.9999 0.9994 
0.9833 1 1 0.9999 1 1 1 0.9981 0.9939 0.9991 1 0.9977 0.9915 0.9959 0.9998 0.9998 1 0.9955 0.9975 0.9997 0.9998 0.9998 0.9978 0.9995 0.9999 0.9999 0.9583 0.956 0.9974 1 0.9985 0.9999 0.9996 
0.988 1 1 1 1 1 1 0.999 0.9962 0.9995 1 0.9988 0.9945 0.9974 0.9999 0.9999 1 0.9974 0.9986 0.9998 0.9999 0.9999 0.9986 0.9997 1 1 0.9722 0.9682 0.9982 1 0.9989 1 0.9997 
0.9913 1 1 1 1 1 1 0.9994 0.9976 0.9997 1 0.9993 0.9964 0.9984 0.9999 1 1 0.9984 0.9992 0.9999 0.9999 1 0.9991 0.9999 1 1 0.9816 0.9771 0.9987 1 0.9992 1 0.9998 
0.9938 1 1 1 1 1 1 0.9997 0.9985 0.9998 1 0.9997 0.9977 0.999 1 1 1 0.9991 0.9995 1 1 1 0.9994 0.9999 1 1 0.9879 0.9836 0.9991 1 0.9994 1 0.9999 
0.9955 1 1 1 1 1 1 0.9998 0.9991 0.9999 1 0.9998 0.9985 0.9994 1 1 1 0.9995 0.9997 1 1 1 0.9996 1 1 1 0.992 0.9883 0.9994 1 0.9996 1 0.9999 
0.9968 1 1 1 1 1 1 0.9999 0.9994 0.9999 1 0.9999 0.999 0.9996 1 1 1 0.9997 0.9998 1 1 1 0.9997 1 1 1 0.9947 0.9916 0.9996 1 0.9997 1 1 
0.9977 1 1 1 1 1 1 1 0.9997 1 1 0.9999 0.9994 0.9998 1 1 1 0.9998 0.9999 1 1 1 0.9998 1 1 1 0.9965 0.994 0.9997 1 0.9998 1 1 
0.9984 1 1 1 1 1 1 1 0.9998 1 1 1 0.9996 0.9999 1 1 1 0.9999 1 1 1 1 0.9999 1 1 1 0.9977 0.9957 0.9998 1 0.9998 1 1 
0.9988 1 1 1 1 1 1 1 0.9999 1 1 1 0.9997 0.9999 1 1 1 0.9999 1 1 1 1 0.9999 1 1 1 0.9985 0.9969 0.9998 1 0.9999 1 1 
0.9992 1 1 1 1 1 1 1 0.9999 1 1 1 0.9998 0.9999 1 1 1 1 1 1 1 1 1 1 1 1 0.999 0.9978 0.9999 1 0.9999 1 1 
0.9994 1 1 1 1 1 1 1 0.9999 1 1 1 0.9999 1 1 1 1 1 1 1 1 1 1 1 1 1 0.9994 0.9984 0.9999 1 0.9999 1 1 
0.9996 1 1 1 1 1 1 1 1 1 1 1 0.9999 1 1 1 1 1 1 1 1 1 1 1 1 1 0.9996 0.9989 0.9999 1 1 1 1 
0.9997 1 1 1 1 1 1 1 1 1 1 1 1 1 1 1 1 1 1 1 1 1 1 1 1 1 0.9997 0.9992 1 1 1 1 1 
0.9998 1 1 1 1 1 1 1 1 1 1 1 1 1 1 1 1 1 1 1 1 1 1 1 1 1 0.9998 0.9994 1 1 1 1 1 
0.9998 1 1 1 1 1 1 1 1 1 1 1 1 1 1 1 1 1 1 1 1 1 1 1 1 1 0.9999 0.9996 1 1 1 1 1 
0.9999 1 1 1 1 1 1 1 1 1 1 1 1 1 1 1 1 1 1 1 1 1 1 1 1 1 0.9999 0.9997 1 1 1 1 1 
0.9999 1 1 1 1 1 1 1 1 1 1 1 1 1 1 1 1 1 1 1 1 1 1 1 1 1 0.9999 0.9998 1 1 1 1 1 
0.9999 1 1 1 1 1 1 1 1 1 1 1 1 1 1 1 1 1 1 1 1 1 1 1 1 1 1 0.9999 1 1 1 1 1 
# nyrs_srv: number of years with survey biomass data 
16  3  22  5  6  2  

 # yrs_srv: (years with biomass data) 
1996 1997 1998 1999 2000 2001 2002 2003 2004 2005 2006 2007 2008 2009 2010 2011 
2012 2014 2015 
1991 1992 1993 1994 1995 1996 1997 1998 1999 2000 2001 2002 2003 2004 2005 2006 2007 2008 2009 2010 2011 2014 
2012 2013 2014 2015 2016 
1981 1982 1984 1985 1986 1989 
1986 1987 

# obs_srv: biomass data 
63738053 75705616 36913277 13532939 42897898 6878447 4724312 34763551 6020071 11314679 17810064 61108114 35552920 34588341 8670421 35291866 
997875 19772747 843189 
1111963 304113.7 673852 392967.4 229973.1 1284501 421207 958310.7 428411.6 327016.7 501125.4 640163.2 758557.8 519403.2 376597.4 329941.9 461672 972042.7 293495.2 1266633 208298 761901.6 
761229.9 4916238 3778060 2167459 3645547 
1675681 248948.6 1502150 972043.1 410219.3 1508603 
531820.6 57946.49 

# obs_se_srv: acoustic biom SEs based on empirical SDs 
16508156 27556844 9585148 3943498 18631987 2782905 2424162 8482306 3235788 6138214 8341047 18841668 15092215 8033142 2956614 12175694 
508916 8433077 382386 
772313.8 668394.3 2958026 1219753 421107.2 10876031 797710.3 6230250 1985645 1100411 2187870 2789232 3202859 1378485 1307153 674914.2 621365.1 3924799 987478.6 7172306 479200.3 1558962 
1916658 29601116 16059568 6747869 7763878 
8174462 308490 4421133 5301775 1344627 6198931 
569540.9 140159.3 


###############
# FISHERIES DATA
1 # nfsh_area (number of fleets per area)
1 # areas_fsh (areas for each fleet)
1 # mo_fsh_leg
13 # nyrs_fsh_comp
# yrs_fsh_comp
2001 2002 2004 2005 2006 2007 2008 2009 2010 2011 2012 2013 2014
# nsmpl_fsh: round(nsmpl_fsh/10,digits=0)
  25   15   84  152  230  400  407  164  771 1020  822 1115  306   
# oc_fsh
0 0 0 0 0 0 0 0 0 0 1e-04 1e-04 0.00201 0.00353 0.01125 0.01016 0.01199 0.01203 0.0137 0.01597 0.01327 0.01502 0.0222 0.02468 0.03091 0.03221 0.0357 0.03818 0.03974 0.04899 0.0664 0.07976 0.06899 0.08002 0.07559 0.07242 0.04993 0.04176 0.03047 0.02183 0.01405 0.00899 0.00468 0.00228 0.00109 1e-05 0 1e-05 0 0 0 0 0 0 0 0 0 0 0 0 0 0 0 0 0
0 0 0 0 0 0 0 0 0 0 0 0 0 0 0 0 0 0 6e-04 0.00028 0 0 0.00278 0.00887 0.01198 0.01673 0.02637 0.05048 0.03749 0.10631 0.06593 0.10417 0.08889 0.09953 0.10192 0.07417 0.04943 0.0564 0.02852 0.02809 0.01839 0.01035 0.00509 0.00305 0.0032 0 0.001 0 0 0 0 0 0 0 0 0 0 0 0 0 0 0 0 0 0
0 0 0 0 0 0 0 0 0 0 0 0 0 0 0 0 0 0 0.00027 0.00026 0.00229 0.00211 0.00835 0.0066 0.01584 0.01353 0.0287 0.01632 0.03411 0.0369 0.05742 0.04257 0.08906 0.04641 0.1207 0.07292 0.09839 0.05372 0.08057 0.0539 0.04919 0.01921 0.02589 0.01091 0.00931 0.00248 0.00182 0 0.00024 0 0 0 0 0 0 0 0 0 0 0 0 0 0 0 0
0 0 0 0 0 0 0 0 0 2e-05 0 0 0 6e-05 2e-05 0.00014 0.00023 0.00147 0.00289 0.01043 0.01236 0.02703 0.03293 0.04413 0.0793 0.0844 0.07114 0.06485 0.05079 0.08579 0.03901 0.0381 0.02408 0.02577 0.02842 0.02606 0.02583 0.01483 0.01835 0.03227 0.0311 0.03634 0.02847 0.02088 0.02102 0.01571 0.00425 0.00032 0.00039 4e-04 0.00012 0.00028 0 0 0 0 0 0 5e-05 0 0 0 0 0 0
0 0 0 0 0 0.00035 0.00051 0.00028 0.00013 0.00013 5e-04 7e-04 0.00127 0.00194 0.0024 0.00369 0.00618 0.00855 0.0106 0.02159 0.01943 0.02888 0.02283 0.03837 0.03632 0.04605 0.03995 0.05902 0.04698 0.05283 0.04099 0.05562 0.0502 0.04416 0.04932 0.05115 0.04235 0.04446 0.03717 0.03851 0.03121 0.02626 0.0141 0.01113 0.00681 0.00407 0.002 0.00089 0.00011 2e-05 0 2e-05 0 0 0 0 0 0 0 0 0 0 0 0 0
0 0 0 0 1e-05 2e-05 4e-05 9e-05 8e-05 0.00074 5e-04 0.00205 0.00174 0.00335 0.00252 0.00661 0.00388 0.02065 0.00729 0.07096 0.00953 0.08562 0.01414 0.08926 0.0184 0.05293 0.01912 0.09245 0.02254 0.1937 0.01762 0.11718 0.01218 0.05022 0.00991 0.02136 0.00633 0.01462 0.00402 0.01547 0.00394 0.00353 0.00228 0.00149 0.00081 0.00034 3e-04 0.00014 2e-05 3e-05 1e-05 0 0 0 0 0 0 0 0 0 0 0 0 0 0
0 0 0 0 0 1e-05 0 2e-05 0 5e-05 5e-05 0.00048 0.00017 0.00142 0.0015 0.00484 0.00332 0.01065 0.0064 0.0232 0.01545 0.03042 0.01683 0.04074 0.02412 0.05786 0.04917 0.06516 0.06651 0.08768 0.05788 0.07219 0.05665 0.07312 0.05497 0.05157 0.03294 0.03602 0.02095 0.01617 0.00812 0.00654 0.00265 0.00204 0.00094 0.00073 3e-04 0.00016 1e-05 1e-05 0 0 0 0 0 0 0 0 0 0 0 0 0 0 0
0.00037 0 0.00044 0 0 9e-05 0 0 0 4e-05 0 0 2e-05 0 0 0 0 0 0 0.00015 0.00018 0.00017 0.00041 0.00125 0.00172 0.00286 0.00485 0.00816 0.01151 0.01799 0.02286 0.03056 0.0431 0.05608 0.0759 0.08032 0.09979 0.09529 0.097 0.1115 0.07142 0.06366 0.04091 0.02802 0.01896 0.00893 0.00372 0.00123 0.00049 4e-05 0 0 0 0 0 0 0 0 0 0 0 0 0 0 0
0 0 0 0 0 0 0 0 1e-05 0 1e-05 1e-05 4e-05 6e-05 6e-05 0.00032 0.00045 0.00048 0.00111 0.00197 0.00281 0.004 0.00485 0.00613 0.00568 0.00556 0.00642 0.00687 0.00575 0.00856 0.00613 0.00815 0.00916 0.0109 0.01419 0.01642 0.02102 0.03115 0.04429 0.06009 0.07399 0.09866 0.10768 0.11601 0.11395 0.07892 0.06535 0.03962 0.01617 0.00535 0.00139 0.00023 2e-05 1e-05 0 0 0 0 0 0 0 0 0 0 0
0 0 0 0 0 0 0 1e-05 1e-05 0 1e-05 7e-05 5e-05 9e-05 0.00015 0.00074 0.00157 0.00211 0.00347 0.0052 0.00715 0.0104 0.01115 0.01553 0.01893 0.02231 0.02409 0.0279 0.02936 0.04469 0.04269 0.05202 0.06526 0.07221 0.08079 0.08576 0.086 0.08788 0.06947 0.05151 0.0365 0.02066 0.01139 0.00674 0.00331 0.0014 0.00082 0.00031 2e-04 2e-05 2e-05 1e-05 0 0 0 0 0 0 0 0 0 0 0 0 0
0 0 0 0 0 0 0 1e-05 1e-05 6e-05 0.00012 0.00055 0.00054 0.00111 0.00106 0.00224 0.00215 0.00215 0.00269 0.00515 0.00687 0.00816 0.00887 0.01701 0.01833 0.03115 0.02818 0.0299 0.03848 0.04138 0.04709 0.05634 0.0552 0.06094 0.06378 0.07673 0.07448 0.0668 0.05373 0.0432 0.03692 0.03534 0.02244 0.02539 0.01141 0.0108 0.00631 0.00499 0.00102 0.00064 2e-04 5e-05 1e-05 4e-05 1e-05 0 0 0 0 0 1e-05 0 0 0 0
0 0 0 0 0 0 0 0 1e-05 0 1e-05 6e-05 3e-05 0.00019 0.00016 0.00116 0.00173 0.00416 0.00507 0.01317 0.02137 0.04362 0.06488 0.06655 0.07064 0.07697 0.06515 0.06037 0.04389 0.04493 0.04376 0.04638 0.0427 0.03636 0.035 0.03449 0.02941 0.03366 0.02228 0.02329 0.01558 0.01675 0.0124 0.00756 0.00695 0.00496 0.00249 0.00121 0.00035 9e-05 7e-05 5e-05 3e-05 2e-05 2e-05 1e-05 0 0 0 0 0 0 0 0 0
0 0 0 0 0 0 0 0 0 0 1e-05 0.00047 2e-05 6e-05 0.00064 0.00067 2e-04 0.00127 0.00214 0.00271 0.00504 0.01018 0.00495 0.00745 0.00783 0.01688 0.03206 0.04028 0.03411 0.04702 0.05999 0.11984 0.09168 0.10077 0.09706 0.08361 0.06236 0.04356 0.03221 0.02024 0.01793 0.0171 0.01186 0.01041 0.00575 0.00549 0.0017 0.00297 0.00035 0.00059 0.00039 7e-05 3e-05 7e-05 0 0 0 0 0 0 0 0 0 0 0

# nyrs_fsh (years of fisheries catch data)
61
# yrs_fsh (the actual fishing years)
1976 1977 1978 1979 1980 1981 1982 1983 1984 1985 1986 1987 1988 1989 1990 1991 1992 1993 1994 1995 1996 1997 1998 1999 2000 2001 2002 2003 2004 2005 2006 2007 2008 2009 2010 2011 2012 2013 2014 2015 2016 2017 2018 2019 2020 2021 2022 2023 2024 2025 2026 2027 2028 2029 2030 2031 2032 2033 2034 2035 2036
# obs_catch
276 92 0 0 49439 92859 69023 531 32128 11592 42113 70515 78918 105554 42477 64641 78385  37716 45085 35025 62384 51285 49837 38897 69954 53513 10646 35377 13882 7095 88834 18419 2884 33970 153262 9215 75630 153830 146191 154177 155000 0 0 0 0 0 0 0 0 0 0 0 0 0 0 0 0 0 0 0 0
0.0 # gamma
# obs_cv_catch (pre-specified)
0.1  

# styr_rec_est, endyr_rec_est 
1981 2016 
# natmortprior 
1 
# cvnatmortprior 
1 
# log_mov_init 
-20 
# rec_dev_init, length(styr_rec:endyr) =   66  values 
0 0 0 0 0 0 0 0 0 0 0 0 0 0 0 0 0 0 0 0 0 0 0 0 0 0 0 0 0 0 0 0 0 0 0 0 0 0 0 0 0 0 0 0 0 0 0 0 0 0 0 0 0 0 0 0 0 0 0 0 0 0 0 0 0 0 
14    # mean_log_rec_init 
14    # log_Rzero_init 
0    # log_influx_init 
0    # Mdevs_init 
0    # use_priors 
1 1 1 1 1 1  # qprior 
 
1.5 1.5 1.5 1.5 1.5 1.5  # cvqprior 
 
0  # influx_on: 1 = on, 0 = off 
##### phases 
5 # phase_mean_M
-1  # phase_Mdevs 
6 # phase_Rzero
-2  # phase_srec 
4 # phase_meanRec
6 # phase_recdevs
-2  # phase_al 
-3  # move_m 
-2  # move_d 
-5  # phase_sigmar 
1 # phase_fmort
1  # catch_opt 
-4 -4 -4 -4 -4 -4  # phase_q_srv 
3 # phase_fsh_q
2   # SrType 
0.85  # steepnessprior 
0.2  # cvsteepnessprior 
2 2 2 2 2 2    # srv_sel_opt  
# minimum, maximum ages (q_age_min, q_age_max) for variable survey selectivity 
1 6 
# sigmarprior (by area) 
0.9 
# cvsigmarprior (by area) 
0.1 
# double logistic selectivity 
-4 # phase_sel_srv(1)
# sel_slp_in_srv  sel_inf_in_srv 
0.7   0.9 
#0.7   0.9 
#sel_change_in_srv (by srv),length(styr:endyr): ( 61  values) 
0 0 0 0 0 0 0 0 0 0 0 0 0 0 0 0 0 0 0 0 0 0 0 0 0 0 0 0 0 0 0 0 0 0 0 0 0 0 0 0 0 0 0 0 0 0 0 0 0 0 0 0 0 0 0 0 0 0 0 0 0 
-7 # phase_sel_srv(2)
# sel_slp_in_srv  sel_inf_in_srv 
0.7   0.9 
#0.7   0.9 
#sel_change_in_srv (by srv),length(styr:endyr): ( 61  values) 
0 0 0 0 0 0 0 0 0 0 0 0 0 0 0 0 0 0 0 0 0 0 0 0 0 0 0 0 0 0 0 0 0 0 0 0 0 0 0 0 0 0 0 0 0 0 0 0 0 0 0 0 0 0 0 0 0 0 0 0 0 
6 # phase_sel_srv(3)
# sel_slp_in_srv  sel_inf_in_srv 
0.7   0.9 
#0.7   0.9 
#sel_change_in_srv (by srv),length(styr:endyr): ( 61  values) 
0 0 0 0 0 0 0 0 0 0 0 0 0 0 0 0 0 0 0 0 0 0 0 0 0 0 0 0 0 0 0 0 0 0 0 0 0 0 0 0 0 0 0 0 0 0 0 0 0 0 0 0 0 0 0 0 0 0 0 0 0 
-5 # phase_sel_srv(4)
# sel_slp_in_srv  sel_inf_in_srv 
0.7   0.9 
#0.7   0.9 
#sel_change_in_srv (by srv),length(styr:endyr): ( 61  values) 
0 0 0 0 0 0 0 0 0 0 0 0 0 0 0 0 0 0 0 0 0 0 0 0 0 0 0 0 0 0 0 0 0 0 0 0 0 0 0 0 0 0 0 0 0 0 0 0 0 0 0 0 0 0 0 0 0 0 0 0 0 
-4 # phase_sel_srv(5)
# sel_slp_in_srv  sel_inf_in_srv 
0.7   0.9 
#0.7   0.9 
#sel_change_in_srv (by srv),length(styr:endyr): ( 61  values) 
0 0 0 0 0 0 0 0 0 0 0 0 0 0 0 0 0 0 0 0 0 0 0 0 0 0 0 0 0 0 0 0 0 0 0 0 0 0 0 0 0 0 0 0 0 0 0 0 0 0 0 0 0 0 0 0 0 0 0 0 0 
-7 # phase_sel_srv(6)
# sel_slp_in_srv  sel_inf_in_srv 
0.7   0.9 
#0.7   0.9 
#sel_change_in_srv (by srv),length(styr:endyr): ( 61  values) 
0 0 0 0 0 0 0 0 0 0 0 0 0 0 0 0 0 0 0 0 0 0 0 0 0 0 0 0 0 0 0 0 0 0 0 0 0 0 0 0 0 0 0 0 0 0 0 0 0 0 0 0 0 0 0 0 0 0 0 0 0 
2    # fsh_sel_opt  
# double logistic selectivity 
6 # phase_sel_fsh
# sel_slp_in_fsh sel_inf_in_fsh 
0.7   0.9 
#0.7   0.9 
#sel_change_in_fsh (by fsh) 
0 0 0 0 0 0 0 0 0 0 0 0 0 0 0 0 0 0 0 0 0 0 0 0 0 0 0 0 0 0 0 0 0 0 0 0 0 0 0 0 0 0 0 0 0 0 0 0 0 0 0 0 0 0 0 0 0 0 0 0 0
